<?xml version="1.0"?>
<opencv_storage>
<CameraMatrix type_id="opencv-matrix">
  <rows>3</rows>
  <cols>3</cols>
  <dt>d</dt>
  <data>
    4.8395213924859149e+02 0. 3.2767427194157199e+02 0.
    4.8609515012260880e+02 2.2808359167655428e+02 0. 0. 1.</data></CameraMatrix>
<DistortionCoeffs type_id="opencv-matrix">
  <rows>1</rows>
  <cols>5</cols>
  <dt>d</dt>
  <data>
    -3.6576998190380577e-01 1.9223352711761593e-01
    8.1207838009582953e-04 3.7622196027626263e-04
    -5.9223459657998641e-02</data></DistortionCoeffs>
<Rvec type_id="opencv-matrix">
  <rows>3</rows>
  <cols>1</cols>
  <dt>d</dt>
  <data>
    -2.5839963713543523e-02 -2.1981787885580002e+00
    -2.2112872662520537e+00</data></Rvec>
<Tvec type_id="opencv-matrix">
  <rows>3</rows>
  <cols>1</cols>
  <dt>d</dt>
  <data>
    5.1260864595757755e+02 1.1549895996780479e+03 2.3036029865561159e+03</data></Tvec>
<Corners type_id="opencv-matrix">
  <rows>48</rows>
  <cols>2</cols>
  <dt>f</dt>
  <data>
    428. 451. 4.05080292e+02 4.50854004e+02 3.82327271e+02
    4.50709076e+02 3.59739136e+02 4.50565216e+02 3.37314087e+02
    4.50422394e+02 3.15050354e+02 4.50280579e+02 2.92946228e+02
    4.50139771e+02 271. 450. 4.23664246e+02 4.41364960e+02
    4.01926575e+02 4.41259796e+02 3.80338959e+02 4.41155334e+02
    3.58899902e+02 4.41051605e+02 3.37607819e+02 4.40948578e+02
    3.16461212e+02 4.40846252e+02 2.95458618e+02 4.40744629e+02
    2.74598572e+02 4.40643707e+02 4.19750000e+02 4.32666656e+02
    3.99078430e+02 4.32595245e+02 3.78542694e+02 4.32524323e+02
    3.58141449e+02 4.32453827e+02 3.37873383e+02 4.32383820e+02
    3.17737152e+02 4.32314240e+02 2.97731506e+02 4.32245148e+02
    2.77855194e+02 4.32176483e+02 4.16198669e+02 4.24774841e+02
    3.96493561e+02 4.24731537e+02 3.76911926e+02 4.24688507e+02
    3.57452667e+02 4.24645721e+02 3.38114594e+02 4.24603241e+02
    3.18896606e+02 4.24561005e+02 2.99797577e+02 4.24519043e+02
    2.80816406e+02 4.24477325e+02 4.12962036e+02 4.17582275e+02
    3.94137024e+02 4.17562500e+02 3.75424805e+02 4.17542847e+02
    3.56824371e+02 4.17523285e+02 3.38334717e+02 4.17503876e+02
    3.19954865e+02 4.17484558e+02 3.01683838e+02 4.17465363e+02
    2.83520660e+02 4.17446289e+02 410. 411. 3.91979858e+02 411.
    3.74063141e+02 411. 3.56248932e+02 411. 3.38536377e+02 411.
    3.20924622e+02 411. 3.03412781e+02 411. 286. 411.</data></Corners>
</opencv_storage>
