<?xml version="1.0"?>
<opencv_storage>
<CameraMatrix type_id="opencv-matrix">
  <rows>3</rows>
  <cols>3</cols>
  <dt>d</dt>
  <data>
    4.8395213924859149e+02 0. 3.2767427194157199e+02 0.
    4.8609515012260880e+02 2.2808359167655428e+02 0. 0. 1.</data></CameraMatrix>
<DistortionCoeffs type_id="opencv-matrix">
  <rows>1</rows>
  <cols>5</cols>
  <dt>d</dt>
  <data>
    -3.6576998190380577e-01 1.9223352711761593e-01
    8.1207838009582953e-04 3.7622196027626263e-04
    -5.9223459657998641e-02</data></DistortionCoeffs>
<Rvec type_id="opencv-matrix">
  <rows>3</rows>
  <cols>1</cols>
  <dt>d</dt>
  <data>
    -3.2352326632639629e-02 -2.2277691557646029e+00
    -2.1884422164531743e+00</data></Rvec>
<Tvec type_id="opencv-matrix">
  <rows>3</rows>
  <cols>1</cols>
  <dt>d</dt>
  <data>
    5.4758731774502337e+02 1.4558819637812205e+03 2.9940873955741749e+03</data></Tvec>
<Corners type_id="opencv-matrix">
  <rows>48</rows>
  <cols>2</cols>
  <dt>f</dt>
  <data>
    4.08333313e+02 4.44999969e+02 3.91716431e+02 4.45116211e+02
    3.74966644e+02 4.45233337e+02 3.58082306e+02 4.45351379e+02
    3.41061829e+02 4.45470398e+02 3.23903503e+02 4.45590393e+02
    3.06605682e+02 4.45711334e+02 2.89166656e+02 4.45833313e+02
    4.06271790e+02 4.38440643e+02 3.90165985e+02 4.38527924e+02
    3.73935394e+02 4.38615814e+02 3.57578552e+02 4.38704468e+02
    3.41093933e+02 4.38793762e+02 3.24480072e+02 4.38883759e+02
    3.07735443e+02 4.38974487e+02 2.90858490e+02 4.39065887e+02
    4.04334717e+02 4.32277161e+02 3.88709503e+02 4.32338684e+02
    3.72966858e+02 4.32400696e+02 3.57105499e+02 4.32463196e+02
    3.41124084e+02 4.32526123e+02 3.25021210e+02 4.32589539e+02
    3.08795471e+02 4.32653473e+02 2.92445526e+02 4.32717865e+02
    4.02511108e+02 4.26474762e+02 3.87338623e+02 4.26513428e+02
    3.72055481e+02 4.26552368e+02 3.56660492e+02 4.26591614e+02
    3.41152435e+02 4.26631104e+02 3.25530029e+02 4.26670929e+02
    3.09792023e+02 4.26710999e+02 2.93937134e+02 4.26751373e+02
    4.00791290e+02 4.21002625e+02 3.86046021e+02 4.21020874e+02
    3.71196320e+02 4.21039246e+02 3.56241089e+02 4.21057739e+02
    3.41179138e+02 4.21076355e+02 3.26009369e+02 4.21095123e+02
    3.10730621e+02 4.21114044e+02 2.95341705e+02 4.21133087e+02
    3.99166656e+02 4.15833313e+02 3.84825226e+02 4.15833313e+02
    3.70385071e+02 4.15833313e+02 3.55845123e+02 4.15833313e+02
    3.41204376e+02 4.15833313e+02 3.26461761e+02 4.15833313e+02
    3.11616211e+02 4.15833313e+02 2.96666656e+02 4.15833313e+02</data></Corners>
</opencv_storage>
