<?xml version="1.0"?>
<opencv_storage>
<CameraMatrix type_id="opencv-matrix">
  <rows>3</rows>
  <cols>3</cols>
  <dt>d</dt>
  <data>
    4.8395213924859149e+02 0. 3.2767427194157199e+02 0.
    4.8609515012260880e+02 2.2808359167655428e+02 0. 0. 1.</data></CameraMatrix>
<DistortionCoeffs>0</DistortionCoeffs>
<Rvec type_id="opencv-matrix">
  <rows>3</rows>
  <cols>1</cols>
  <dt>d</dt>
  <data>
    -6.4800220081699306e-02 -2.1934586628938053e+00
    -2.2057136504671724e+00</data></Rvec>
<Tvec type_id="opencv-matrix">
  <rows>3</rows>
  <cols>1</cols>
  <dt>d</dt>
  <data>
    4.9739227740691575e+02 1.1606420377307570e+03 2.5073917417377907e+03</data></Tvec>
<Corners type_id="opencv-matrix">
  <rows>48</rows>
  <cols>2</cols>
  <dt>f</dt>
  <data>
    426. 454. 4.01985901e+02 4.53380280e+02 3.78638885e+02
    4.52777771e+02 3.55931519e+02 4.52191772e+02 3.33837830e+02
    4.51621613e+02 3.12333344e+02 4.51066681e+02 2.91394745e+02
    4.50526306e+02 271. 450. 4.22424225e+02 4.43511047e+02
    3.99594879e+02 4.43061401e+02 3.77370087e+02 4.42623657e+02
    3.55726105e+02 4.42197357e+02 3.34640503e+02 4.41782074e+02
    3.14091888e+02 4.41377350e+02 2.94060059e+02 4.40982788e+02
    2.74525726e+02 4.40598053e+02 4.19175873e+02 4.33982544e+02
    3.97420013e+02 4.33675323e+02 3.76214539e+02 4.33375824e+02
    3.55538818e+02 4.33083832e+02 3.35373260e+02 4.32799042e+02
    3.15699219e+02 4.32521210e+02 2.96498932e+02 4.32250061e+02
    2.77755493e+02 4.31985352e+02 4.16211945e+02 4.25288391e+02
    3.95433228e+02 4.25101013e+02 3.75157715e+02 4.24918152e+02
    3.55367340e+02 4.24739655e+02 3.36044922e+02 4.24565399e+02
    3.17174042e+02 4.24395203e+02 2.98739075e+02 4.24228943e+02
    2.80725067e+02 4.24066498e+02 4.13496674e+02 4.17323578e+02
    3.93611145e+02 4.17237518e+02 3.74187469e+02 4.17153473e+02
    3.55209747e+02 4.17071350e+02 3.36662781e+02 4.16991089e+02
    3.18532104e+02 4.16912659e+02 3.00803802e+02 4.16835938e+02
    2.83464661e+02 4.16760895e+02 411. 410. 3.91934113e+02 410.
    3.73293610e+02 410. 3.55064423e+02 410. 3.37233093e+02 410.
    3.19786713e+02 410. 3.02712952e+02 410. 286. 410.</data></Corners>
</opencv_storage>
