<?xml version="1.0"?>
<opencv_storage>
<CameraMatrix type_id="opencv-matrix">
  <rows>3</rows>
  <cols>3</cols>
  <dt>d</dt>
  <data>
    4.8395213924859149e+02 0. 3.2767427194157199e+02 0.
    4.8609515012260880e+02 2.2808359167655428e+02 0. 0. 1.</data></CameraMatrix>
<DistortionCoeffs type_id="opencv-matrix">
  <rows>1</rows>
  <cols>5</cols>
  <dt>d</dt>
  <data>
    -3.6576998190380577e-01 1.9223352711761593e-01
    8.1207838009582953e-04 3.7622196027626263e-04
    -5.9223459657998641e-02</data></DistortionCoeffs>
<Rvec type_id="opencv-matrix">
  <rows>3</rows>
  <cols>1</cols>
  <dt>d</dt>
  <data>
    -5.6179072961735722e-02 -2.1870363557890902e+00
    -2.2164689132232529e+00</data></Rvec>
<Tvec type_id="opencv-matrix">
  <rows>3</rows>
  <cols>1</cols>
  <dt>d</dt>
  <data>
    5.3848455137156634e+02 1.4694458931086306e+03 2.9995811609275224e+03</data></Tvec>
<Corners type_id="opencv-matrix">
  <rows>48</rows>
  <cols>2</cols>
  <dt>f</dt>
  <data>
    4.07499969e+02 4.46666656e+02 3.90476196e+02 4.46666656e+02
    3.73452362e+02 4.46666656e+02 3.56428558e+02 4.46666656e+02
    3.39404755e+02 4.46666656e+02 3.22380951e+02 4.46666656e+02
    3.05357117e+02 4.46666656e+02 2.88333313e+02 4.46666656e+02
    4.05611450e+02 4.39490173e+02 3.89154175e+02 4.39490173e+02
    3.72696960e+02 4.39490173e+02 3.56239716e+02 4.39490173e+02
    3.39782440e+02 4.39490173e+02 3.23325195e+02 4.39490173e+02
    3.06867981e+02 4.39490173e+02 2.90410706e+02 4.39490173e+02
    4.03844574e+02 4.32776062e+02 3.87917389e+02 4.32776062e+02
    3.71990204e+02 4.32776062e+02 3.56063019e+02 4.32776062e+02
    3.40135834e+02 4.32776062e+02 3.24208649e+02 4.32776062e+02
    3.08281464e+02 4.32776062e+02 2.92354279e+02 4.32776062e+02
    4.02187927e+02 4.26480927e+02 3.86757751e+02 4.26480927e+02
    3.71327545e+02 4.26480927e+02 3.55897369e+02 4.26480927e+02
    3.40467163e+02 4.26480927e+02 3.25036957e+02 4.26480927e+02
    3.09606781e+02 4.26480927e+02 2.94176575e+02 4.26480927e+02
    4.00631592e+02 4.20566742e+02 3.85668304e+02 4.20566742e+02
    3.70705017e+02 4.20566742e+02 3.55741730e+02 4.20566742e+02
    3.40778442e+02 4.20566742e+02 3.25815125e+02 4.20566742e+02
    3.10851837e+02 4.20566742e+02 2.95888550e+02 4.20566742e+02
    3.99166656e+02 4.14999969e+02 3.84642853e+02 4.14999969e+02
    3.70119019e+02 4.14999969e+02 3.55595245e+02 4.14999969e+02
    3.41071411e+02 4.14999969e+02 3.26547607e+02 4.14999969e+02
    3.12023773e+02 4.14999969e+02 2.97500000e+02 4.14999969e+02</data></Corners>
</opencv_storage>
