<?xml version="1.0"?>
<opencv_storage>
<CameraMatrix type_id="opencv-matrix">
  <rows>3</rows>
  <cols>3</cols>
  <dt>d</dt>
  <data>
    4.8395213924859149e+02 0. 3.2767427194157199e+02 0.
    4.8609515012260880e+02 2.2808359167655428e+02 0. 0. 1.</data></CameraMatrix>
<DistortionCoeffs type_id="opencv-matrix">
  <rows>1</rows>
  <cols>5</cols>
  <dt>d</dt>
  <data>
    -3.6576998190380577e-01 1.9223352711761593e-01
    8.1207838009582953e-04 3.7622196027626263e-04
    -5.9223459657998641e-02</data></DistortionCoeffs>
<Rvec type_id="opencv-matrix">
  <rows>3</rows>
  <cols>1</cols>
  <dt>d</dt>
  <data>
    -3.2531044634886652e-02 -2.2102727494207546e+00
    -2.2064554016985127e+00</data></Rvec>
<Tvec type_id="opencv-matrix">
  <rows>3</rows>
  <cols>1</cols>
  <dt>d</dt>
  <data>
    5.4868986445491862e+02 1.4685875497969657e+03 3.0196182282497575e+03</data></Tvec>
<Corners type_id="opencv-matrix">
  <rows>48</rows>
  <cols>2</cols>
  <dt>f</dt>
  <data>
    4.07499969e+02 4.44999969e+02 3.91104645e+02 4.45116241e+02
    3.74581696e+02 4.45233429e+02 3.57929688e+02 4.45351532e+02
    3.41147034e+02 4.45470551e+02 3.24232269e+02 4.45590546e+02
    3.07183777e+02 4.45711456e+02 290. 4.45833313e+02 4.05645966e+02
    4.38325470e+02 3.89706116e+02 4.38413330e+02 3.73645782e+02
    4.38501862e+02 3.57463531e+02 4.38591034e+02 3.41157990e+02
    4.38680908e+02 3.24727692e+02 4.38771484e+02 3.08171265e+02
    4.38862732e+02 2.91487274e+02 4.38954712e+02 4.03893280e+02
    4.32015869e+02 3.88384369e+02 4.32078217e+02 3.72761414e+02
    4.32141052e+02 3.57023163e+02 4.32204254e+02 3.41168274e+02
    4.32268005e+02 3.25195526e+02 4.32332184e+02 3.09103577e+02
    4.32396881e+02 2.92891083e+02 4.32462036e+02 4.02233887e+02
    4.26042084e+02 3.87133209e+02 4.26081451e+02 3.71924438e+02
    4.26121094e+02 3.56606445e+02 4.26161041e+02 3.41178040e+02
    4.26201263e+02 3.25638031e+02 4.26241760e+02 3.09985199e+02
    4.26282593e+02 2.94218292e+02 4.26323669e+02 4.00660522e+02
    4.20377930e+02 3.85947113e+02 4.20396606e+02 3.71131165e+02
    4.20415405e+02 3.56211578e+02 4.20434357e+02 3.41187286e+02
    4.20453430e+02 3.26057159e+02 4.20472626e+02 3.10820129e+02
    4.20491974e+02 2.95475006e+02 4.20511444e+02 3.99166656e+02
    4.14999969e+02 3.84821136e+02 4.14999969e+02 3.70378235e+02
    4.14999969e+02 3.55836884e+02 4.14999969e+02 3.41196075e+02
    4.14999969e+02 3.26454773e+02 4.14999969e+02 3.11612000e+02
    4.14999969e+02 2.96666656e+02 4.14999969e+02</data></Corners>
</opencv_storage>
