<?xml version="1.0"?>
<opencv_storage>
<CameraMatrix type_id="opencv-matrix">
  <rows>3</rows>
  <cols>3</cols>
  <dt>d</dt>
  <data>
    4.8395213924859149e+02 0. 3.2767427194157199e+02 0.
    4.8609515012260880e+02 2.2808359167655428e+02 0. 0. 1.</data></CameraMatrix>
<DistortionCoeffs type_id="opencv-matrix">
  <rows>1</rows>
  <cols>5</cols>
  <dt>d</dt>
  <data>
    -3.6576998190380577e-01 1.9223352711761593e-01
    8.1207838009582953e-04 3.7622196027626263e-04
    -5.9223459657998641e-02</data></DistortionCoeffs>
</opencv_storage>
