<?xml version="1.0"?>
<opencv_storage>
<CameraMatrix type_id="opencv-matrix">
  <rows>3</rows>
  <cols>3</cols>
  <dt>d</dt>
  <data>
    4.9071689686481085e+02 0. 3.2124848486062120e+02 0.
    4.8910881631085158e+02 2.3353609853889770e+02 0. 0. 1.</data></CameraMatrix>
<DistortionCoeffs type_id="opencv-matrix">
  <rows>1</rows>
  <cols>5</cols>
  <dt>d</dt>
  <data>
    -3.5903055971804732e-01 1.6386675396002223e-01
    1.0650394394287022e-03 -5.0241146537349497e-06
    -3.8417942551466189e-02</data></DistortionCoeffs>
<Rvec type_id="opencv-matrix">
  <rows>3</rows>
  <cols>1</cols>
  <dt>d</dt>
  <data>
    -1.2351041409958068e+00 1.0021919452193828e+00
    1.0468871006595335e+00</data></Rvec>
<Tvec type_id="opencv-matrix">
  <rows>3</rows>
  <cols>1</cols>
  <dt>d</dt>
  <data>
    -3.5557158511170502e+02 1.1931778537085124e+03
    3.3978852683431564e+03</data></Tvec>
<Corners type_id="opencv-matrix">
  <rows>48</rows>
  <cols>2</cols>
  <dt>f</dt>
  <data>
    2.71666656e+02 3.98333313e+02 2.73977448e+02 4.04302856e+02
    2.76440399e+02 4.10665436e+02 2.79070984e+02 4.17461182e+02
    2.81887024e+02 4.24735870e+02 2.84908752e+02 4.32542053e+02
    2.88159607e+02 4.40940063e+02 2.91666656e+02 4.49999969e+02
    2.56350983e+02 3.99310913e+02 2.58184204e+02 4.05346313e+02
    2.60138824e+02 4.11781433e+02 2.62227325e+02 4.18657349e+02
    2.64463989e+02 4.26021027e+02 2.66865143e+02 4.33926178e+02
    2.69449615e+02 4.42434875e+02 2.72239197e+02 4.51618927e+02
    2.40862778e+02 4.00299500e+02 2.42207275e+02 4.06401886e+02
    2.43641373e+02 4.12910828e+02 2.45174316e+02 4.19868439e+02
    2.46816696e+02 4.27322662e+02 2.48580673e+02 4.35328796e+02
    2.50480240e+02 4.43950378e+02 2.52531647e+02 4.53261230e+02
    2.25199097e+02 4.01299316e+02 2.26043518e+02 4.07469788e+02
    2.26944519e+02 4.14053894e+02 2.27908035e+02 4.21094635e+02
    2.28940750e+02 4.28641235e+02 2.30050476e+02 4.36750275e+02
    2.31246078e+02 4.45487030e+02 2.32537933e+02 4.54927338e+02
    2.09356979e+02 4.02310516e+02 2.09689575e+02 4.08550262e+02
    2.10044617e+02 4.15210846e+02 2.10424423e+02 4.22336243e+02
    2.10831696e+02 4.29976990e+02 2.11269531e+02 4.38191010e+02
    2.11741516e+02 4.47045319e+02 2.12251770e+02 4.56617859e+02
    1.93333328e+02 4.03333313e+02 1.93142105e+02 4.09643524e+02
    1.92937912e+02 4.16381958e+02 1.92719376e+02 4.23593597e+02
    1.92484940e+02 4.31330231e+02 1.92232788e+02 4.39651306e+02
    1.91960831e+02 4.48625671e+02 1.91666656e+02 4.58333313e+02</data></Corners>
</opencv_storage>
