<?xml version="1.0"?>
<opencv_storage>
<CameraMatrix type_id="opencv-matrix">
  <rows>3</rows>
  <cols>3</cols>
  <dt>d</dt>
  <data>
    4.9071689686481085e+02 0. 3.2124848486062120e+02 0.
    4.8910881631085158e+02 2.3353609853889770e+02 0. 0. 1.</data></CameraMatrix>
<DistortionCoeffs>0</DistortionCoeffs>
<Rvec type_id="opencv-matrix">
  <rows>3</rows>
  <cols>1</cols>
  <dt>d</dt>
  <data>
    1.1178434433240743e+00 -1.3809237598010944e+00
    1.4037709717107871e+00</data></Rvec>
<Tvec type_id="opencv-matrix">
  <rows>3</rows>
  <cols>1</cols>
  <dt>d</dt>
  <data>
    -2.4993232505768010e+01 9.2829086317152428e+02
    2.0450888020076707e+03</data></Tvec>
<Corners type_id="opencv-matrix">
  <rows>48</rows>
  <cols>2</cols>
  <dt>f</dt>
  <data>
    317. 457. 3.11071411e+02 4.44587006e+02 3.05701843e+02
    4.33344482e+02 3.00815796e+02 4.23114319e+02 2.96350800e+02
    4.13765717e+02 2.92254639e+02 4.05189392e+02 2.88483429e+02
    3.97293427e+02 285. 390. 2.87413086e+02 4.58655212e+02
    2.82985077e+02 4.46262817e+02 2.78971344e+02 4.35029816e+02
    2.75316345e+02 4.24800781e+02 2.71974030e+02 4.15446869e+02
    2.68905945e+02 4.06860382e+02 2.66079651e+02 3.98950592e+02
    2.63467651e+02 3.91640564e+02 2.58332306e+02 4.60282104e+02
    2.55355835e+02 4.47911346e+02 2.52655670e+02 4.36688995e+02
    2.50195038e+02 4.26462189e+02 2.47943436e+02 4.17104126e+02
    2.45875305e+02 4.08508606e+02 2.43969101e+02 4.00586060e+02
    2.42206512e+02 3.93260468e+02 2.29744751e+02 4.61881409e+02
    2.28172562e+02 4.49533295e+02 2.26745209e+02 4.38322632e+02
    2.25443542e+02 4.28099182e+02 2.24251663e+02 4.18738037e+02
    2.23156250e+02 4.10134552e+02 2.22146042e+02 4.02200287e+02
    2.21211472e+02 3.94860077e+02 2.01637985e+02 4.63453827e+02
    2.01424576e+02 4.51129242e+02 2.01230682e+02 4.39931274e+02
    2.01053726e+02 4.29712219e+02 2.00891602e+02 4.20349091e+02
    2.00742493e+02 4.11738647e+02 2.00604919e+02 4.03793640e+02
    2.00477585e+02 3.96439789e+02 174. 465. 1.75101501e+02
    4.52699860e+02 1.76103088e+02 4.41515564e+02 1.77017746e+02
    4.31301880e+02 1.77856323e+02 4.21937714e+02 1.78627945e+02
    4.13321320e+02 1.79340317e+02 4.05366547e+02 180. 398.</data></Corners>
</opencv_storage>
