<?xml version="1.0"?>
<opencv_storage>
<CameraMatrix type_id="opencv-matrix">
  <rows>3</rows>
  <cols>3</cols>
  <dt>d</dt>
  <data>
    4.9071689686481085e+02 0. 3.2124848486062120e+02 0.
    4.8910881631085158e+02 2.3353609853889770e+02 0. 0. 1.</data></CameraMatrix>
<DistortionCoeffs type_id="opencv-matrix">
  <rows>1</rows>
  <cols>5</cols>
  <dt>d</dt>
  <data>
    -3.5903055971804732e-01 1.6386675396002223e-01
    1.0650394394287022e-03 -5.0241146537349497e-06
    -3.8417942551466189e-02</data></DistortionCoeffs>
<Rvec type_id="opencv-matrix">
  <rows>3</rows>
  <cols>1</cols>
  <dt>d</dt>
  <data>
    -1.2429445448930267e+00 1.0123521416142383e+00
    1.0331070629563126e+00</data></Rvec>
<Tvec type_id="opencv-matrix">
  <rows>3</rows>
  <cols>1</cols>
  <dt>d</dt>
  <data>
    -3.5164885063226558e+02 1.1845303440469252e+03
    3.3415687634304695e+03</data></Tvec>
<Corners type_id="opencv-matrix">
  <rows>48</rows>
  <cols>2</cols>
  <dt>f</dt>
  <data>
    2.71666656e+02 3.99166656e+02 2.74136871e+02 4.05152222e+02
    2.76779175e+02 4.11554688e+02 2.79612122e+02 4.18419189e+02
    2.82657196e+02 4.25797638e+02 2.85939117e+02 4.33749939e+02
    2.89486633e+02 4.42345825e+02 2.93333313e+02 4.51666656e+02
    2.55625961e+02 4.00517426e+02 2.57549805e+02 4.06528046e+02
    2.59607208e+02 4.12955872e+02 2.61812561e+02 4.19845856e+02
    2.64182343e+02 4.27249725e+02 2.66735779e+02 4.35227173e+02
    2.69494965e+02 4.43847626e+02 2.72485931e+02 4.53192078e+02
    2.39689957e+02 4.01859406e+02 2.41074646e+02 4.07894623e+02
    2.42555069e+02 4.14347260e+02 2.44141602e+02 4.21262177e+02
    2.45846008e+02 4.28690918e+02 2.47681946e+02 4.36692932e+02
    2.49665268e+02 4.45337341e+02 2.51814407e+02 4.54704620e+02
    2.23857635e+02 4.03192688e+02 2.24710205e+02 4.09251984e+02
    2.25621536e+02 4.15728973e+02 2.26597946e+02 4.22668304e+02
    2.27646606e+02 4.30121399e+02 2.28775909e+02 4.38147369e+02
    2.29995468e+02 4.46815002e+02 2.31316589e+02 4.56204468e+02
    2.08127975e+02 4.04517273e+02 2.08455414e+02 4.10600281e+02
    2.08805344e+02 4.17101105e+02 2.09180176e+02 4.24064362e+02
    2.09582642e+02 4.31541168e+02 2.10015930e+02 4.39590546e+02
    2.10483704e+02 4.48280823e+02 2.10990280e+02 4.57691742e+02
    1.92499985e+02 4.05833313e+02 1.92309174e+02 4.11939575e+02
    1.92105286e+02 4.18463806e+02 1.91886963e+02 4.25450409e+02
    1.91652588e+02 4.32950409e+02 1.91400330e+02 4.41022583e+02
    1.91128082e+02 4.49734894e+02 1.90833328e+02 4.59166656e+02</data></Corners>
</opencv_storage>
