<?xml version="1.0"?>
<opencv_storage>
<CameraMatrix type_id="opencv-matrix">
  <rows>3</rows>
  <cols>3</cols>
  <dt>d</dt>
  <data>
    4.9071689686481085e+02 0. 3.2124848486062120e+02 0.
    4.8910881631085158e+02 2.3353609853889770e+02 0. 0. 1.</data></CameraMatrix>
<DistortionCoeffs type_id="opencv-matrix">
  <rows>1</rows>
  <cols>5</cols>
  <dt>d</dt>
  <data>
    -3.5903055971804732e-01 1.6386675396002223e-01
    1.0650394394287022e-03 -5.0241146537349497e-06
    -3.8417942551466189e-02</data></DistortionCoeffs>
<Rvec type_id="opencv-matrix">
  <rows>3</rows>
  <cols>1</cols>
  <dt>d</dt>
  <data>
    -1.1069986908149656e+00 -1.3526206013333406e+00
    -1.4128957007926510e+00</data></Rvec>
<Tvec type_id="opencv-matrix">
  <rows>3</rows>
  <cols>1</cols>
  <dt>d</dt>
  <data>
    -5.8692432083633946e+02 9.0300435164296437e+02
    1.6815172361772018e+03</data></Tvec>
<Corners type_id="opencv-matrix">
  <rows>48</rows>
  <cols>2</cols>
  <dt>f</dt>
  <data>
    172. 464. 1.73296387e+02 4.52147339e+02 1.74470718e+02
    4.41410522e+02 1.75539474e+02 4.31639099e+02 1.76516266e+02
    4.22708435e+02 1.77412476e+02 4.14514496e+02 1.78237686e+02
    4.06969757e+02 179. 400. 1.99264923e+02 4.62485291e+02
    1.99213852e+02 4.50558350e+02 1.99167633e+02 4.39767792e+02
    1.99125626e+02 4.29958618e+02 1.99087280e+02 4.21002747e+02
    1.99052124e+02 4.12793488e+02 1.99019775e+02 4.05241241e+02
    1.98989929e+02 3.98270111e+02 2.27266296e+02 4.60929657e+02
    2.25795883e+02 4.48928619e+02 2.24467300e+02 4.38084961e+02
    2.23260941e+02 4.28239014e+02 2.22160706e+02 4.19259125e+02
    2.21153152e+02 4.11035797e+02 2.20227066e+02 4.03477325e+02
    2.19372940e+02 3.96506195e+02 2.56034332e+02 4.59331421e+02
    2.53068405e+02 4.47256531e+02 2.50392029e+02 4.36360565e+02
    2.47964813e+02 4.26478912e+02 2.45753479e+02 4.17476227e+02
    2.43730484e+02 4.09240204e+02 2.41872726e+02 4.01676941e+02
    2.40160767e+02 3.94707245e+02 2.85601013e+02 4.57688843e+02
    2.81058624e+02 4.45540466e+02 2.76965302e+02 4.34593048e+02
    2.73257568e+02 4.24676849e+02 2.69883362e+02 4.15652740e+02
    2.66799683e+02 4.07405518e+02 2.63970490e+02 3.99838989e+02
    2.61365540e+02 3.92872223e+02 316. 456. 3.09795319e+02
    4.43778656e+02 3.04211761e+02 4.32780731e+02 2.99160522e+02
    4.22831329e+02 2.94568909e+02 4.13787262e+02 2.90376984e+02
    4.05530396e+02 2.86534668e+02 3.97962219e+02 283. 391.</data></Corners>
</opencv_storage>
