<?xml version="1.0"?>
<opencv_storage>
<CameraMatrix type_id="opencv-matrix">
  <rows>3</rows>
  <cols>3</cols>
  <dt>d</dt>
  <data>
    4.9071689686481085e+02 0. 3.2124848486062120e+02 0.
    4.8910881631085158e+02 2.3353609853889770e+02 0. 0. 1.</data></CameraMatrix>
<DistortionCoeffs type_id="opencv-matrix">
  <rows>1</rows>
  <cols>5</cols>
  <dt>d</dt>
  <data>
    -3.5903055971804732e-01 1.6386675396002223e-01
    1.0650394394287022e-03 -5.0241146537349497e-06
    -3.8417942551466189e-02</data></DistortionCoeffs>
<Rvec type_id="opencv-matrix">
  <rows>3</rows>
  <cols>1</cols>
  <dt>d</dt>
  <data>
    -1.2472447455276305e+00 1.0238964491723281e+00
    1.0289815227734984e+00</data></Rvec>
<Tvec type_id="opencv-matrix">
  <rows>3</rows>
  <cols>1</cols>
  <dt>d</dt>
  <data>
    -3.4565940200465047e+02 1.1649406947708153e+03
    3.3055431648137610e+03</data></Tvec>
<Corners type_id="opencv-matrix">
  <rows>48</rows>
  <cols>2</cols>
  <dt>f</dt>
  <data>
    2.73333313e+02 3.97499969e+02 2.75616730e+02 4.03754486e+02
    2.78030090e+02 4.10365082e+02 2.80584900e+02 4.17363037e+02
    2.83293945e+02 4.24783447e+02 2.86171600e+02 4.32665741e+02
    2.89234161e+02 4.41054474e+02 2.92500000e+02 4.49999969e+02
    2.56303589e+02 3.99048126e+02 2.58100739e+02 4.05293549e+02
    2.59999268e+02 4.11891541e+02 2.62008087e+02 4.18872772e+02
    2.64137115e+02 4.26271637e+02 2.66397430e+02 4.34126831e+02
    2.68801575e+02 4.42481812e+02 2.71363708e+02 4.51385986e+02
    2.39545074e+02 4.00571655e+02 2.40871246e+02 4.06807465e+02
    2.42271637e+02 4.13392334e+02 2.43752655e+02 4.20356415e+02
    2.45321518e+02 4.27733398e+02 2.46986221e+02 4.35561096e+02
    2.48755859e+02 4.43882233e+02 2.50640686e+02 4.52744843e+02
    2.23051285e+02 4.02071075e+02 2.23921326e+02 4.08296783e+02
    2.24839615e+02 4.14868103e+02 2.25810333e+02 4.21814545e+02
    2.26838120e+02 4.29169250e+02 2.27928131e+02 4.36969269e+02
    2.29086197e+02 4.45256287e+02 2.30318893e+02 4.54077423e+02
    2.06816071e+02 4.03547028e+02 2.07244186e+02 4.09762177e+02
    2.07695877e+02 4.16319458e+02 2.08173126e+02 4.23247955e+02
    2.08678192e+02 4.30580017e+02 2.09213562e+02 4.38352081e+02
    2.09782043e+02 4.46604858e+02 2.10386810e+02 4.55384460e+02
    1.90833328e+02 4.04999969e+02 1.90833328e+02 4.11204132e+02
    1.90833328e+02 4.17747009e+02 1.90833328e+02 4.24657135e+02
    1.90833328e+02 4.31966339e+02 1.90833328e+02 4.39710175e+02
    1.90833328e+02 4.47928589e+02 1.90833328e+02 4.56666656e+02</data></Corners>
</opencv_storage>
