<?xml version="1.0" ?>
<opencv_storage>
  <CameraMatrix type_id="opencv-matrix">
    <rows>3</rows>
    <cols>3</cols>
    <dt>f</dt>
    <data>490.71689686481085 0.0 321.2484848606212
0.0 489.1088163108516 233.5360985388977
0.0 0.0 1.0</data>
  </CameraMatrix>
  <DistortionCoeffs type_id="opencv-matrix">
    <rows>1</rows>
    <cols>5</cols>
    <dt>f</dt>
    <data>-0.3590305597180473
0.16386675396002223
0.0010650394394287022
-5.02411465373495e-06
-0.03841794255146619</data>
  </DistortionCoeffs>
</opencv_storage>
