<?xml version="1.0"?>
<opencv_storage>
<CameraMatrix type_id="opencv-matrix">
  <rows>3</rows>
  <cols>3</cols>
  <dt>d</dt>
  <data>
    4.8792436005839812e+02 0. 3.3550744916436878e+02 0.
    4.8930968776474270e+02 2.2333090338649581e+02 0. 0. 1.</data></CameraMatrix>
<DistortionCoeffs type_id="opencv-matrix">
  <rows>1</rows>
  <cols>5</cols>
  <dt>d</dt>
  <data>
    -3.5826019235541617e-01 1.6666070687504572e-01
    1.9744728476129086e-04 3.7093593949094822e-04
    -3.8865904246883458e-02</data></DistortionCoeffs>
<Rvec type_id="opencv-matrix">
  <rows>3</rows>
  <cols>1</cols>
  <dt>d</dt>
  <data>
    -6.7385199302070975e-01 -1.6143446089765090e+00
    -1.8828714662054433e+00</data></Rvec>
<Tvec type_id="opencv-matrix">
  <rows>3</rows>
  <cols>1</cols>
  <dt>d</dt>
  <data>
    3.7611674093480832e+02 8.6788886565658493e+02 3.5450879907784511e+03</data></Tvec>
<Corners type_id="opencv-matrix">
  <rows>48</rows>
  <cols>2</cols>
  <dt>f</dt>
  <data>
    3.86666656e+02 3.41666656e+02 3.73640472e+02 3.37174866e+02
    3.61687164e+02 3.33053040e+02 3.50679443e+02 3.29257263e+02
    3.40509338e+02 3.25750336e+02 3.31084747e+02 3.22500458e+02
    3.22326599e+02 3.19480438e+02 3.14166656e+02 3.16666656e+02
    3.96690002e+02 3.36749542e+02 3.83667694e+02 3.32607117e+02
    3.71684692e+02 3.28795319e+02 3.60621338e+02 3.25276031e+02
    3.50375732e+02 3.22016907e+02 3.40860382e+02 3.18990021e+02
    3.31999908e+02 3.16171509e+02 3.23728973e+02 3.13540497e+02
    4.06060150e+02 3.32152863e+02 3.93067780e+02 3.28325043e+02
    3.81081177e+02 3.24793549e+02 3.69987854e+02 3.21525269e+02
    3.59691620e+02 3.18491791e+02 3.50109467e+02 3.15668701e+02
    3.41169647e+02 3.13034851e+02 3.32809631e+02 3.10571838e+02
    4.14838989e+02 3.27846252e+02 4.01897858e+02 3.24302673e+02
    3.89929199e+02 3.21025391e+02 3.78827484e+02 3.17985443e+02
    3.68501740e+02 3.15158020e+02 3.58873413e+02 3.12521545e+02
    3.49874115e+02 3.10057343e+02 3.41444122e+02 3.07749023e+02
    4.23080780e+02 3.23803101e+02 4.10208160e+02 3.20516998e+02
    3.98275482e+02 3.17470856e+02 3.87183472e+02 3.14639313e+02
    3.76846283e+02 3.12000458e+02 3.67189423e+02 3.09535278e+02
    3.58147827e+02 3.07227173e+02 3.49664551e+02 3.05061584e+02
    4.30833313e+02 320. 4.18043335e+02 3.16947815e+02 4.06161499e+02
    3.14112396e+02 3.95094452e+02 3.11471405e+02 3.84761169e+02
    3.09005493e+02 3.75090942e+02 3.06697845e+02 3.66022034e+02
    3.04533661e+02 3.57500000e+02 3.02500000e+02</data></Corners>
</opencv_storage>
