<?xml version="1.0"?>
<opencv_storage>
<CameraMatrix type_id="opencv-matrix">
  <rows>3</rows>
  <cols>3</cols>
  <dt>d</dt>
  <data>
    4.8792436005839812e+02 0. 3.3550744916436878e+02 0.
    4.8930968776474270e+02 2.2333090338649581e+02 0. 0. 1.</data></CameraMatrix>
<DistortionCoeffs type_id="opencv-matrix">
  <rows>1</rows>
  <cols>5</cols>
  <dt>d</dt>
  <data>
    -3.5826019235541617e-01 1.6666070687504572e-01
    1.9744728476129086e-04 3.7093593949094822e-04
    -3.8865904246883458e-02</data></DistortionCoeffs>
<Rvec type_id="opencv-matrix">
  <rows>3</rows>
  <cols>1</cols>
  <dt>d</dt>
  <data>
    -6.8727304136143574e-01 -1.5377040267247857e+00
    -1.9280866311616356e+00</data></Rvec>
<Tvec type_id="opencv-matrix">
  <rows>3</rows>
  <cols>1</cols>
  <dt>d</dt>
  <data>
    3.9346461867390582e+02 9.1723766762609137e+02 3.7216270966118955e+03</data></Tvec>
<Corners type_id="opencv-matrix">
  <rows>48</rows>
  <cols>2</cols>
  <dt>f</dt>
  <data>
    387. 342. 3.75244598e+02 3.37813141e+02 3.63977386e+02
    3.33800171e+02 3.53168579e+02 3.29950439e+02 3.42790771e+02
    3.26254242e+02 3.32818665e+02 3.22702545e+02 3.23228943e+02
    3.19287018e+02 314. 316. 3.96187653e+02 3.36346069e+02
    3.84758148e+02 3.32456299e+02 3.73783020e+02 3.28721191e+02
    3.63235748e+02 3.25131683e+02 3.53091736e+02 3.21679413e+02
    3.43328308e+02 3.18356689e+02 3.33924438e+02 3.15156311e+02
    3.24860657e+02 3.12071686e+02 4.04592865e+02 3.31173615e+02
    3.93477234e+02 3.27546814e+02 3.82785431e+02 3.24058289e+02
    3.72493652e+02 3.20700287e+02 3.62579865e+02 3.17465607e+02
    3.53023590e+02 3.14347595e+02 3.43805878e+02 3.11340027e+02
    3.34909058e+02 3.08437164e+02 4.12311462e+02 3.26423706e+02
    4.01497375e+02 3.23030884e+02 3.91079376e+02 3.19762329e+02
    3.81036102e+02 3.16611328e+02 3.71347687e+02 3.13571655e+02
    3.61995667e+02 3.10637543e+02 3.52962799e+02 3.07803558e+02
    3.44233032e+02 3.05064636e+02 4.19424316e+02 3.22046570e+02
    4.08899384e+02 3.18863007e+02 3.98745361e+02 3.15791626e+02
    3.88942993e+02 3.12826599e+02 3.79474274e+02 3.09962524e+02
    3.70322510e+02 3.07194305e+02 3.61472046e+02 3.04517212e+02
    3.52908203e+02 3.01926819e+02 426. 318. 4.15752045e+02
    3.15004456e+02 4.05852081e+02 3.12110596e+02 3.96282654e+02
    3.09313385e+02 3.87027466e+02 3.06608032e+02 3.78071350e+02
    3.03990082e+02 3.69399963e+02 3.01455383e+02 361. 299.</data></Corners>
</opencv_storage>
