<?xml version="1.0"?>
<opencv_storage>
<CameraMatrix type_id="opencv-matrix">
  <rows>3</rows>
  <cols>3</cols>
  <dt>d</dt>
  <data>
    4.8792436005839812e+02 0. 3.3550744916436878e+02 0.
    4.8930968776474270e+02 2.2333090338649581e+02 0. 0. 1.</data></CameraMatrix>
<DistortionCoeffs type_id="opencv-matrix">
  <rows>1</rows>
  <cols>5</cols>
  <dt>d</dt>
  <data>
    -3.5826019235541617e-01 1.6666070687504572e-01
    1.9744728476129086e-04 3.7093593949094822e-04
    -3.8865904246883458e-02</data></DistortionCoeffs>
<Rvec type_id="opencv-matrix">
  <rows>3</rows>
  <cols>1</cols>
  <dt>d</dt>
  <data>
    -6.4451758119738345e-01 -1.6193758346724048e+00
    -1.9138518320932587e+00</data></Rvec>
<Tvec type_id="opencv-matrix">
  <rows>3</rows>
  <cols>1</cols>
  <dt>d</dt>
  <data>
    3.9512314120133095e+02 8.7989215241033196e+02 3.5669116544349968e+03</data></Tvec>
<Corners type_id="opencv-matrix">
  <rows>48</rows>
  <cols>2</cols>
  <dt>f</dt>
  <data>
    3.88333313e+02 3.41666656e+02 3.75698486e+02 3.37549683e+02
    3.63849182e+02 3.33688660e+02 3.52714386e+02 3.30060486e+02
    3.42231323e+02 3.26644653e+02 3.32344452e+02 3.23423096e+02
    3.23004272e+02 3.20379639e+02 3.14166656e+02 3.17500000e+02
    3.97615875e+02 3.36934357e+02 3.84971558e+02 3.33057617e+02
    3.73096375e+02 3.29416718e+02 3.61922211e+02 3.25990723e+02
    3.51388794e+02 3.22761169e+02 3.41442505e+02 3.19711639e+02
    3.32035645e+02 3.16827515e+02 3.23125427e+02 3.14095642e+02
    4.06480743e+02 3.32415009e+02 3.93840149e+02 3.28761505e+02
    3.81952209e+02 3.25325500e+02 3.70751648e+02 3.22088196e+02
    3.60180481e+02 3.19032806e+02 3.50187134e+02 3.16144409e+02
    3.40725494e+02 3.13409698e+02 3.31754181e+02 3.10816711e+02
    4.14955505e+02 3.28094574e+02 4.02330231e+02 3.24648743e+02
    3.90441101e+02 3.21403870e+02 3.79225525e+02 3.18342834e+02
    3.68627930e+02 3.15450439e+02 3.58598511e+02 3.12713104e+02
    3.49092834e+02 3.10118713e+02 3.40070892e+02 3.07656403e+02
    4.23065308e+02 3.23960114e+02 4.10465424e+02 3.20707886e+02
    3.98585297e+02 3.17641449e+02 3.87364929e+02 3.14745300e+02
    3.76750916e+02 3.12005615e+02 3.66695343e+02 3.09410126e+02
    3.57155304e+02 3.06947662e+02 3.48092102e+02 3.04608307e+02
    4.30833313e+02 320. 4.18267609e+02 3.16928375e+02 4.06405426e+02
    3.14028717e+02 3.95189301e+02 3.11286987e+02 3.84567810e+02
    3.08690643e+02 3.74494934e+02 3.06228394e+02 3.64929230e+02
    3.03890076e+02 3.55833313e+02 3.01666656e+02</data></Corners>
</opencv_storage>
