<?xml version="1.0"?>
<opencv_storage>
<CameraMatrix type_id="opencv-matrix">
  <rows>3</rows>
  <cols>3</cols>
  <dt>d</dt>
  <data>
    4.8792436005839812e+02 0. 3.3550744916436878e+02 0.
    4.8930968776474270e+02 2.2333090338649581e+02 0. 0. 1.</data></CameraMatrix>
<DistortionCoeffs>0</DistortionCoeffs>
<Rvec type_id="opencv-matrix">
  <rows>3</rows>
  <cols>1</cols>
  <dt>d</dt>
  <data>
    -7.0522183398205851e-01 -1.5864001982973861e+00
    -1.9282357889141872e+00</data></Rvec>
<Tvec type_id="opencv-matrix">
  <rows>3</rows>
  <cols>1</cols>
  <dt>d</dt>
  <data>
    3.1381862028869324e+02 7.2557385998709356e+02 2.8508520178544882e+03</data></Tvec>
<Corners type_id="opencv-matrix">
  <rows>48</rows>
  <cols>2</cols>
  <dt>f</dt>
  <data>
    390. 350. 3.73121552e+02 3.43931335e+02 3.57990387e+02
    3.38490936e+02 3.44348541e+02 3.33585999e+02 3.31986450e+02
    3.29141205e+02 3.20732117e+02 3.25094696e+02 3.10442963e+02
    3.21395233e+02 301. 318. 4.02658386e+02 3.42635132e+02
    3.85716309e+02 3.37170837e+02 3.70468597e+02 3.32253021e+02
    3.56673218e+02 3.27803619e+02 3.44132080e+02 3.23758728e+02
    3.32681549e+02 3.20065613e+02 3.22185333e+02 3.16680298e+02
    3.12528870e+02 3.13565826e+02 4.14397217e+02 3.35805267e+02
    3.97442627e+02 3.30876465e+02 3.82128052e+02 3.26424408e+02
    3.68226471e+02 3.22383148e+02 3.55550995e+02 3.18698303e+02
    3.43946259e+02 3.15324738e+02 3.33282074e+02 3.12224609e+02
    3.23448578e+02 3.09365936e+02 4.25313202e+02 3.29454132e+02
    4.08387360e+02 3.25001617e+02 3.93046722e+02 3.20966095e+02
    3.79078583e+02 3.17291656e+02 3.66306610e+02 3.13931854e+02
    3.54583466e+02 3.10847961e+02 3.43785065e+02 3.08007324e+02
    3.33806122e+02 3.05382263e+02 4.35489899e+02 3.23533142e+02
    4.18626129e+02 3.19505737e+02 4.03293091e+02 3.15843903e+02
    3.89291473e+02 3.12500031e+02 3.76455048e+02 3.09434448e+02
    3.64644196e+02 3.06613800e+02 3.53740692e+02 3.04009827e+02
    3.43643890e+02 3.01598511e+02 445. 318. 4.28225067e+02
    3.14353271e+02 4.12927368e+02 3.11027679e+02 3.98920013e+02
    3.07982605e+02 3.86046295e+02 3.05183990e+02 3.74174011e+02
    3.02603058e+02 3.63190674e+02 3.00215363e+02 353. 298.</data></Corners>
</opencv_storage>
