<?xml version="1.0"?>
<opencv_storage>
<CameraMatrix type_id="opencv-matrix">
  <rows>3</rows>
  <cols>3</cols>
  <dt>d</dt>
  <data>
    4.8792436005839812e+02 0. 3.3550744916436878e+02 0.
    4.8930968776474270e+02 2.2333090338649581e+02 0. 0. 1.</data></CameraMatrix>
<DistortionCoeffs type_id="opencv-matrix">
  <rows>1</rows>
  <cols>5</cols>
  <dt>d</dt>
  <data>
    -3.5826019235541617e-01 1.6666070687504572e-01
    1.9744728476129086e-04 3.7093593949094822e-04
    -3.8865904246883458e-02</data></DistortionCoeffs>
<Rvec type_id="opencv-matrix">
  <rows>3</rows>
  <cols>1</cols>
  <dt>d</dt>
  <data>
    -6.5937100881015187e-01 -1.6150679156338676e+00
    -1.8936904509431234e+00</data></Rvec>
<Tvec type_id="opencv-matrix">
  <rows>3</rows>
  <cols>1</cols>
  <dt>d</dt>
  <data>
    3.8830944646503207e+02 8.7808658676248217e+02 3.5870257900547881e+03</data></Tvec>
<Corners type_id="opencv-matrix">
  <rows>48</rows>
  <cols>2</cols>
  <dt>f</dt>
  <data>
    3.87499969e+02 3.40833313e+02 3.75160370e+02 3.36812561e+02
    3.63479889e+02 3.33006561e+02 3.52407074e+02 3.29398529e+02
    3.41895660e+02 3.25973480e+02 3.31904083e+02 3.22717804e+02
    3.22394653e+02 3.19619232e+02 3.13333313e+02 3.16666656e+02
    3.96845581e+02 3.36160522e+02 3.84621857e+02 3.32383026e+02
    3.73032288e+02 3.28801514e+02 3.62028687e+02 3.25401062e+02
    3.51567780e+02 3.22168335e+02 3.41610352e+02 3.19091187e+02
    3.32120911e+02 3.16158661e+02 3.23067200e+02 3.13360809e+02
    4.05640289e+02 3.31763153e+02 3.93540070e+02 3.28207855e+02
    3.82050018e+02 3.24831848e+02 3.71125031e+02 3.21621857e+02
    3.60724487e+02 3.18565948e+02 3.50811523e+02 3.15653290e+02
    3.41352600e+02 3.12874054e+02 3.32317230e+02 3.10219269e+02
    4.13931427e+02 3.27617584e+02 4.01960480e+02 3.24265747e+02
    3.90576691e+02 3.21078308e+02 3.79737946e+02 3.18043488e+02
    3.69405975e+02 3.15150543e+02 3.59546051e+02 3.12389771e+02
    3.50126556e+02 3.09752350e+02 3.41118622e+02 3.07230133e+02
    4.21761047e+02 3.23702789e+02 4.09923615e+02 3.20537720e+02
    3.98651428e+02 3.17523743e+02 3.87904938e+02 3.14650360e+02
    3.77648224e+02 3.11907928e+02 3.67848511e+02 3.09287689e+02
    3.58475952e+02 3.06781647e+02 3.49503235e+02 3.04382538e+02
    4.29166656e+02 320. 4.17465790e+02 3.17006744e+02 4.06309174e+02
    3.14152740e+02 3.95659790e+02 3.11428467e+02 3.85483765e+02
    3.08825287e+02 3.75750244e+02 3.06335297e+02 3.66430939e+02
    3.03951324e+02 3.57500000e+02 3.01666656e+02</data></Corners>
</opencv_storage>
