<?xml version="1.0"?>
<opencv_storage>
<CameraMatrix type_id="opencv-matrix">
  <rows>3</rows>
  <cols>3</cols>
  <dt>d</dt>
  <data>
    4.8792436005839812e+02 0. 3.3550744916436878e+02 0.
    4.8930968776474270e+02 2.2333090338649581e+02 0. 0. 1.</data></CameraMatrix>
<DistortionCoeffs type_id="opencv-matrix">
  <rows>1</rows>
  <cols>5</cols>
  <dt>d</dt>
  <data>
    -3.5826019235541617e-01 1.6666070687504572e-01
    1.9744728476129086e-04 3.7093593949094822e-04
    -3.8865904246883458e-02</data></DistortionCoeffs>
</opencv_storage>
