<?xml version="1.0"?>
<opencv_storage>
<camera_matrix type_id="opencv-matrix">
  <rows>3</rows>
  <cols>3</cols>
  <dt>f</dt>
  <data>
    4.89514679e+02 0. 3.44768585e+02 0. 4.91804321e+02 2.42513824e+02 0.
    0. 1.</data></camera_matrix>
<dist_coeffs type_id="opencv-matrix">
  <rows>5</rows>
  <cols>1</cols>
  <dt>f</dt>
  <data>
    -3.80368769e-01 2.26457298e-01 -3.78036522e-04 -5.82284760e-04
    -8.59545916e-02</data></dist_coeffs>
<rvec type_id="opencv-matrix">
  <rows>3</rows>
  <cols>1</cols>
  <dt>d</dt>
  <data>
    8.4385302340202351e-01 3.7945971338309675e-01
    -2.6893260772587579e+00</data></rvec>
<tvec type_id="opencv-matrix">
  <rows>3</rows>
  <cols>1</cols>
  <dt>d</dt>
  <data>
    1.3052692991800275e+03 1.1884577139439209e+03 1.2289378832579960e+03</data></tvec>
</opencv_storage>
