<?xml version="1.0"?>
<opencv_storage>
<CameraMatrix type_id="opencv-matrix">
  <rows>3</rows>
  <cols>3</cols>
  <dt>d</dt>
  <data>
    4.8951467854667385e+02 0. 3.4476858602702845e+02 0.
    4.9180431752008172e+02 2.4251382276904394e+02 0. 0. 1.</data></CameraMatrix>
<DistortionCoeffs type_id="opencv-matrix">
  <rows>1</rows>
  <cols>5</cols>
  <dt>d</dt>
  <data>
    -3.8036877318120138e-01 2.2645729533019104e-01
    -3.7803650892407980e-04 -5.8228475563691044e-04
    -8.5954593994019099e-02</data></DistortionCoeffs>
<Rvec type_id="opencv-matrix">
  <rows>3</rows>
  <cols>1</cols>
  <dt>d</dt>
  <data>
    -7.4730789126643582e-01 1.5869494927269252e+00
    1.7806588440711630e+00</data></Rvec>
<Tvec type_id="opencv-matrix">
  <rows>3</rows>
  <cols>1</cols>
  <dt>d</dt>
  <data>
    -1.1880048835581681e+01 8.9769856782609725e+02
    4.3239169790853121e+03</data></Tvec>
<Corners type_id="opencv-matrix">
  <rows>48</rows>
  <cols>2</cols>
  <dt>f</dt>
  <data>
    3.42500000e+02 3.43333313e+02 3.34481476e+02 3.46211761e+02
    3.26089722e+02 3.49224182e+02 3.17298035e+02 3.52380188e+02
    3.08077118e+02 3.55690247e+02 2.98394775e+02 3.59165955e+02
    2.88215485e+02 3.62820068e+02 2.77500000e+02 3.66666656e+02
    3.33096375e+02 3.40671906e+02 3.24999817e+02 3.43443329e+02
    3.16532745e+02 3.46341553e+02 3.07669128e+02 3.49375549e+02
    2.98380432e+02 3.52554993e+02 2.88635376e+02 3.55890686e+02
    2.78399384e+02 3.59394409e+02 2.67634491e+02 3.63079193e+02
    3.23991486e+02 3.38095062e+02 3.15825989e+02 3.40764771e+02
    3.07293060e+02 3.43554626e+02 2.98367249e+02 3.46472931e+02
    2.89020844e+02 3.49528748e+02 2.79223358e+02 3.52732056e+02
    2.68941376e+02 3.56093750e+02 2.58138000e+02 3.59625946e+02
    3.15171326e+02 3.35598785e+02 3.06945282e+02 3.38171814e+02
    2.98355072e+02 3.40858704e+02 2.89376007e+02 3.43667267e+02
    2.79981049e+02 3.46605896e+02 2.70140594e+02 3.49683868e+02
    2.59822235e+02 3.52911346e+02 2.48990219e+02 3.56299469e+02
    3.06622711e+02 3.33179382e+02 2.98343811e+02 3.35660370e+02
    2.89704285e+02 3.38249420e+02 2.80680084e+02 3.40953735e+02
    2.71244904e+02 3.43781250e+02 2.61370056e+02 3.46740479e+02
    2.51024002e+02 3.49840942e+02 2.40172287e+02 3.53092957e+02
    2.98333313e+02 3.30833313e+02 2.90008606e+02 3.33226654e+02
    2.81327057e+02 3.35722626e+02 2.72265167e+02 3.38327942e+02
    2.62797394e+02 3.41049896e+02 2.52895905e+02 3.43896576e+02
    2.42530121e+02 3.46876740e+02 2.31666656e+02 350.</data></Corners>
</opencv_storage>
