<?xml version="1.0"?>
<opencv_storage>
<CameraMatrix type_id="opencv-matrix">
  <rows>3</rows>
  <cols>3</cols>
  <dt>d</dt>
  <data>
    4.8951467854667385e+02 0. 3.4476858602702845e+02 0.
    4.9180431752008172e+02 2.4251382276904394e+02 0. 0. 1.</data></CameraMatrix>
<DistortionCoeffs type_id="opencv-matrix">
  <rows>1</rows>
  <cols>5</cols>
  <dt>d</dt>
  <data>
    -3.8036877318120138e-01 2.2645729533019104e-01
    -3.7803650892407980e-04 -5.8228475563691044e-04
    -8.5954593994019099e-02</data></DistortionCoeffs>
<Rvec type_id="opencv-matrix">
  <rows>3</rows>
  <cols>1</cols>
  <dt>d</dt>
  <data>
    1.5542728545187510e+00 -7.2507512605503210e-01
    6.3975431414357942e-01</data></Rvec>
<Tvec type_id="opencv-matrix">
  <rows>3</rows>
  <cols>1</cols>
  <dt>d</dt>
  <data>
    -5.5805021563167327e+02 9.8352762008544096e+02
    3.8451784489674519e+03</data></Tvec>
<Corners type_id="opencv-matrix">
  <rows>48</rows>
  <cols>2</cols>
  <dt>f</dt>
  <data>
    275. 366. 2.86680298e+02 3.61687286e+02 2.97397949e+02
    3.57729980e+02 3.07267212e+02 3.54085938e+02 3.16385040e+02
    3.50719360e+02 3.24834076e+02 3.47599731e+02 3.32685303e+02
    3.44700806e+02 340. 342. 2.65141785e+02 3.62009766e+02
    2.76742096e+02 3.58040863e+02 2.87424591e+02 3.54385986e+02
    2.97294006e+02 3.51009308e+02 3.06439758e+02 3.47880188e+02
    3.14938660e+02 3.44972412e+02 3.22856964e+02 3.42263275e+02
    3.30252228e+02 3.39733063e+02 2.56103638e+02 3.58351471e+02
    2.67597961e+02 3.54685791e+02 2.78217773e+02 3.51299011e+02
    2.88059204e+02 3.48160461e+02 2.97204834e+02 3.45243805e+02
    3.05725891e+02 3.42526337e+02 3.13684265e+02 3.39988312e+02
    3.21133942e+02 3.37612549e+02 2.47787369e+02 3.54985352e+02
    2.59156372e+02 3.51588501e+02 2.69692413e+02 3.48440521e+02
    2.79483795e+02 3.45515015e+02 2.88606750e+02 3.42789246e+02
    2.97127502e+02 3.40243408e+02 3.05103729e+02 3.37860229e+02
    3.12586029e+02 3.35624664e+02 2.40109772e+02 3.51877777e+02
    2.51339355e+02 3.48720367e+02 2.61775543e+02 3.45786041e+02
    2.71499542e+02 3.43051971e+02 2.80581848e+02 3.40498322e+02
    2.89083984e+02 3.38107788e+02 2.97059784e+02 3.35865234e+02
    3.04556671e+02 3.33757355e+02 233. 349. 2.44080048e+02
    3.46056854e+02 2.54404236e+02 3.43314484e+02 2.64047363e+02
    3.40753052e+02 2.73074677e+02 3.38355164e+02 2.81543335e+02
    3.36105682e+02 2.89503632e+02 3.33991211e+02 297. 332.</data></Corners>
</opencv_storage>
