<?xml version="1.0"?>
<opencv_storage>
<CameraMatrix type_id="opencv-matrix">
  <rows>3</rows>
  <cols>3</cols>
  <dt>d</dt>
  <data>
    4.8951467854667385e+02 0. 3.4476858602702845e+02 0.
    4.9180431752008172e+02 2.4251382276904394e+02 0. 0. 1.</data></CameraMatrix>
<DistortionCoeffs type_id="opencv-matrix">
  <rows>1</rows>
  <cols>5</cols>
  <dt>d</dt>
  <data>
    -3.8036877318120138e-01 2.2645729533019104e-01
    -3.7803650892407980e-04 -5.8228475563691044e-04
    -8.5954593994019099e-02</data></DistortionCoeffs>
<Rvec type_id="opencv-matrix">
  <rows>3</rows>
  <cols>1</cols>
  <dt>d</dt>
  <data>
    -7.2643090836724755e-01 1.5657607536609677e+00
    1.7876338991446266e+00</data></Rvec>
<Tvec type_id="opencv-matrix">
  <rows>3</rows>
  <cols>1</cols>
  <dt>d</dt>
  <data>
    -1.8819866903139172e+01 8.8751727959254038e+02
    4.3412671852593312e+03</data></Tvec>
<Corners type_id="opencv-matrix">
  <rows>48</rows>
  <cols>2</cols>
  <dt>f</dt>
  <data>
    3.40833313e+02 3.41666656e+02 3.33545013e+02 3.44695557e+02
    3.25741272e+02 3.47938690e+02 3.17365448e+02 3.51419525e+02
    3.08352203e+02 3.55165283e+02 2.98625916e+02 3.59207397e+02
    2.88098480e+02 3.63582458e+02 2.76666656e+02 3.68333313e+02
    3.31344727e+02 3.39112030e+02 3.23918854e+02 3.41981628e+02
    3.15981140e+02 3.45048981e+02 3.07476807e+02 3.48335358e+02
    2.98342865e+02 3.51864990e+02 2.88506775e+02 3.55665985e+02
    2.77884308e+02 3.59770844e+02 2.66377228e+02 3.64217529e+02
    3.22295624e+02 3.36675720e+02 3.14753082e+02 3.39397461e+02
    3.06703491e+02 3.42302185e+02 2.98093994e+02 3.45408936e+02
    2.88864014e+02 3.48739624e+02 2.78943970e+02 3.52319275e+02
    2.68253510e+02 3.56176941e+02 2.56699219e+02 3.60346344e+02
    3.13656219e+02 3.34349731e+02 3.06015472e+02 3.36934052e+02
    2.97873444e+02 3.39687897e+02 2.89179199e+02 3.42628510e+02
    2.79874542e+02 3.45775604e+02 2.69892883e+02 3.49151642e+02
    2.59157501e+02 3.52782623e+02 2.47579712e+02 3.56698547e+02
    3.05399292e+02 3.32126740e+02 2.97676666e+02 3.34583069e+02
    2.89459351e+02 3.37196747e+02 2.80698242e+02 3.39983368e+02
    2.71337524e+02 3.42960754e+02 2.61313477e+02 3.46149109e+02
    2.50552948e+02 3.49571686e+02 2.38971695e+02 3.53255341e+02
    2.97500000e+02 330. 2.89709991e+02 3.32337006e+02 2.81432495e+02
    3.34820251e+02 2.72620209e+02 3.37463928e+02 2.63219635e+02
    3.40284119e+02 2.53169800e+02 3.43299042e+02 2.42401031e+02
    3.46529694e+02 2.30833328e+02 350.</data></Corners>
</opencv_storage>
