<?xml version="1.0"?>
<opencv_storage>
<CameraMatrix type_id="opencv-matrix">
  <rows>3</rows>
  <cols>3</cols>
  <dt>d</dt>
  <data>
    4.8951467854667385e+02 0. 3.4476858602702845e+02 0.
    4.9180431752008172e+02 2.4251382276904394e+02 0. 0. 1.</data></CameraMatrix>
<DistortionCoeffs type_id="opencv-matrix">
  <rows>1</rows>
  <cols>5</cols>
  <dt>d</dt>
  <data>
    -3.8036877318120138e-01 2.2645729533019104e-01
    -3.7803650892407980e-04 -5.8228475563691044e-04
    -8.5954593994019099e-02</data></DistortionCoeffs>
<Rvec type_id="opencv-matrix">
  <rows>3</rows>
  <cols>1</cols>
  <dt>d</dt>
  <data>
    -7.2086086621195256e-01 1.5965238501555241e+00
    1.7770345515242809e+00</data></Rvec>
<Tvec type_id="opencv-matrix">
  <rows>3</rows>
  <cols>1</cols>
  <dt>d</dt>
  <data>
    -2.9087698090131888e+00 8.7600885693248983e+02
    4.2560889971877905e+03</data></Tvec>
<Corners type_id="opencv-matrix">
  <rows>48</rows>
  <cols>2</cols>
  <dt>f</dt>
  <data>
    3.42500000e+02 3.42500000e+02 3.34735565e+02 3.45448486e+02
    3.26506195e+02 3.48573578e+02 3.17768860e+02 3.51891541e+02
    3.08475037e+02 3.55420837e+02 2.98569794e+02 3.59182343e+02
    2.87990723e+02 3.63199707e+02 2.76666656e+02 3.67500000e+02
    3.33252380e+02 3.40010223e+02 3.25357574e+02 3.42836792e+02
    3.16998444e+02 3.45829620e+02 3.08132782e+02 3.49003784e+02
    2.98713074e+02 3.52376343e+02 2.88685730e+02 3.55966431e+02
    2.77989960e+02 3.59795837e+02 2.66556702e+02 3.63889282e+02
    3.24309570e+02 3.37602570e+02 3.16297455e+02 3.40313629e+02
    3.07822266e+02 3.43181335e+02 2.98842712e+02 3.46219757e+02
    2.89312378e+02 3.49444489e+02 2.79179047e+02 3.52873291e+02
    2.68383514e+02 3.56526154e+02 2.56858765e+02 3.60425720e+02
    3.15656830e+02 3.35272980e+02 3.07539215e+02 3.37874512e+02
    2.98960510e+02 3.40623840e+02 2.89880310e+02 3.43533875e+02
    2.80253296e+02 3.46619171e+02 2.70028503e+02 3.49896027e+02
    2.59148499e+02 3.53382874e+02 2.47548233e+02 3.57100525e+02
    3.07280182e+02 3.33017731e+02 2.99068085e+02 3.35515381e+02
    2.90397369e+02 3.38152496e+02 2.81228577e+02 3.40941132e+02
    2.71517456e+02 3.43894684e+02 2.61214447e+02 3.47028259e+02
    2.50263763e+02 3.50358826e+02 2.38602310e+02 3.53905579e+02
    2.99166656e+02 3.30833313e+02 2.90870148e+02 3.33232300e+02
    2.82117981e+02 3.35763062e+02 2.72871613e+02 3.38436707e+02
    2.63087921e+02 3.41265717e+02 2.52718719e+02 3.44264069e+02
    2.41709763e+02 3.47447357e+02 2.29999985e+02 3.50833313e+02</data></Corners>
</opencv_storage>
