<?xml version="1.0"?>
<opencv_storage>
<CameraMatrix type_id="opencv-matrix">
  <rows>3</rows>
  <cols>3</cols>
  <dt>d</dt>
  <data>
    4.8951467854667385e+02 0. 3.4476858602702845e+02 0.
    4.9180431752008172e+02 2.4251382276904394e+02 0. 0. 1.</data></CameraMatrix>
<DistortionCoeffs>0</DistortionCoeffs>
<Rvec type_id="opencv-matrix">
  <rows>3</rows>
  <cols>1</cols>
  <dt>d</dt>
  <data>
    1.5951688738968399e+00 -7.1587107068245281e-01
    7.1573909258344115e-01</data></Rvec>
<Tvec type_id="opencv-matrix">
  <rows>3</rows>
  <cols>1</cols>
  <dt>d</dt>
  <data>
    -4.1899938358368712e+02 7.7968142580184099e+02
    2.9389855938813857e+03</data></Tvec>
<Corners type_id="opencv-matrix">
  <rows>48</rows>
  <cols>2</cols>
  <dt>f</dt>
  <data>
    274. 374. 2.88346527e+02 3.68705444e+02 3.01787445e+02
    3.63745117e+02 3.14405884e+02 3.59088318e+02 3.26275085e+02
    3.54708008e+02 3.37459839e+02 3.50580292e+02 3.48017731e+02
    3.46683929e+02 358. 343. 2.60855499e+02 3.67897217e+02
    2.75009155e+02 3.63015808e+02 2.88305817e+02 3.58429993e+02
    3.00821014e+02 3.54113678e+02 3.12621674e+02 3.50043793e+02
    3.23767273e+02 3.46199829e+02 3.34310944e+02 3.42563477e+02
    3.44300079e+02 3.39118347e+02 2.48804596e+02 3.62302124e+02
    2.62748169e+02 3.57785339e+02 2.75880554e+02 3.53531342e+02
    2.88270508e+02 3.49517822e+02 2.99979248e+02 3.45724976e+02
    3.11061493e+02 3.42135071e+02 3.21566193e+02 3.38732239e+02
    3.31537354e+02 3.35502258e+02 2.37716232e+02 3.57153961e+02
    2.51438324e+02 3.52960632e+02 2.64392181e+02 3.49002045e+02
    2.76640564e+02 3.45259064e+02 2.88239594e+02 3.41714508e+02
    2.99239532e+02 3.38353027e+02 3.09685669e+02 3.35160797e+02
    3.19618805e+02 3.32125336e+02 2.27479538e+02 3.52401215e+02
    2.40973053e+02 3.48496216e+02 2.53738571e+02 3.44801880e+02
    2.65833496e+02 3.41301636e+02 2.77309265e+02 3.37980560e+02
    2.88212280e+02 3.34825256e+02 2.98584351e+02 3.31823578e+02
    3.08463348e+02 3.28964630e+02 218. 348. 2.31261169e+02
    3.44353180e+02 2.43831955e+02 3.40896210e+02 2.55764938e+02
    3.37614655e+02 2.67107422e+02 3.34495453e+02 2.77902191e+02
    3.31526886e+02 2.88188019e+02 3.28698303e+02 298. 326.</data></Corners>
</opencv_storage>
