<?xml version="1.0"?>
<opencv_storage>
<CameraMatrix type_id="opencv-matrix">
  <rows>3</rows>
  <cols>3</cols>
  <dt>d</dt>
  <data>
    4.8951467854667385e+02 0. 3.4476858602702845e+02 0.
    4.9180431752008172e+02 2.4251382276904394e+02 0. 0. 1.</data></CameraMatrix>
<DistortionCoeffs type_id="opencv-matrix">
  <rows>1</rows>
  <cols>5</cols>
  <dt>d</dt>
  <data>
    -3.8036877318120138e-01 2.2645729533019104e-01
    -3.7803650892407980e-04 -5.8228475563691044e-04
    -8.5954593994019099e-02</data></DistortionCoeffs>
</opencv_storage>
